[0.00000000e+00 6.16837592e-05 2.46719817e-04 5.55062519e-04
 9.86635786e-04 1.54133313e-03 2.21901770e-03 3.01952227e-03
 3.94264934e-03 4.98817114e-03 6.15582970e-03 7.44533692e-03
 8.85637464e-03 1.03885947e-02 1.20416190e-02 1.38150398e-02
 1.57084194e-02 1.77212908e-02 1.98531572e-02 2.21034926e-02
 2.44717419e-02 2.69573206e-02 2.95596155e-02 3.22779846e-02
 3.51117571e-02 3.80602337e-02 4.11226872e-02 4.42983617e-02
 4.75864738e-02 5.09862121e-02 5.44967379e-02 5.81171850e-02
 6.18466600e-02 6.56842428e-02 6.96289865e-02 7.36799178e-02
 7.78360372e-02 8.20963193e-02 8.64597129e-02 9.09251413e-02
 9.54915028e-02 1.00157671e-01 1.04922494e-01 1.09784796e-01
 1.14743379e-01 1.19797017e-01 1.24944465e-01 1.30184453e-01
 1.35515686e-01 1.40936851e-01 1.46446609e-01 1.52043602e-01
 1.57726447e-01 1.63493743e-01 1.69344067e-01 1.75275976e-01
 1.81288005e-01 1.87378672e-01 1.93546473e-01 1.99789887e-01
 2.06107374e-01 2.12497374e-01 2.18958311e-01 2.25488591e-01
 2.32086603e-01 2.38750718e-01 2.45479292e-01 2.52270666e-01
 2.59123163e-01 2.66035093e-01 2.73004750e-01 2.80030415e-01
 2.87110354e-01 2.94242821e-01 3.01426055e-01 3.08658284e-01
 3.15937724e-01 3.23262578e-01 3.30631040e-01 3.38041291e-01
 3.45491503e-01 3.52979837e-01 3.60504447e-01 3.68063475e-01
 3.75655056e-01 3.83277318e-01 3.90928379e-01 3.98606352e-01
 4.06309343e-01 4.14035450e-01 4.21782767e-01 4.29549384e-01
 4.37333383e-01 4.45132844e-01 4.52945843e-01 4.60770452e-01
 4.68604740e-01 4.76446775e-01 4.84294620e-01 4.92146341e-01
 5.00000000e-01 5.07853659e-01 5.15705380e-01 5.23553225e-01
 5.31395260e-01 5.39229548e-01 5.47054157e-01 5.54867156e-01
 5.62666617e-01 5.70450616e-01 5.78217233e-01 5.85964550e-01
 5.93690657e-01 6.01393648e-01 6.09071621e-01 6.16722682e-01
 6.24344944e-01 6.31936525e-01 6.39495553e-01 6.47020163e-01
 6.54508497e-01 6.61958709e-01 6.69368960e-01 6.76737422e-01
 6.84062276e-01 6.91341716e-01 6.98573945e-01 7.05757179e-01
 7.12889646e-01 7.19969585e-01 7.26995250e-01 7.33964907e-01
 7.40876837e-01 7.47729334e-01 7.54520708e-01 7.61249282e-01
 7.67913397e-01 7.74511409e-01 7.81041689e-01 7.87502626e-01
 7.93892626e-01 8.00210113e-01 8.06453527e-01 8.12621328e-01
 8.18711995e-01 8.24724024e-01 8.30655933e-01 8.36506257e-01
 8.42273553e-01 8.47956398e-01 8.53553391e-01 8.59063149e-01
 8.64484314e-01 8.69815547e-01 8.75055535e-01 8.80202983e-01
 8.85256621e-01 8.90215204e-01 8.95077506e-01 8.99842329e-01
 9.04508497e-01 9.09074859e-01 9.13540287e-01 9.17903681e-01
 9.22163963e-01 9.26320082e-01 9.30371014e-01 9.34315757e-01
 9.38153340e-01 9.41882815e-01 9.45503262e-01 9.49013788e-01
 9.52413526e-01 9.55701638e-01 9.58877313e-01 9.61939766e-01
 9.64888243e-01 9.67722015e-01 9.70440384e-01 9.73042679e-01
 9.75528258e-01 9.77896507e-01 9.80146843e-01 9.82278709e-01
 9.84291581e-01 9.86184960e-01 9.87958381e-01 9.89611405e-01
 9.91143625e-01 9.92554663e-01 9.93844170e-01 9.95011829e-01
 9.96057351e-01 9.96980478e-01 9.97780982e-01 9.98458667e-01
 9.99013364e-01 9.99444937e-01 9.99753280e-01 9.99938316e-01
 1.00000000e+00 9.99938316e-01 9.99753280e-01 9.99444937e-01
 9.99013364e-01 9.98458667e-01 9.97780982e-01 9.96980478e-01
 9.96057351e-01 9.95011829e-01 9.93844170e-01 9.92554663e-01
 9.91143625e-01 9.89611405e-01 9.87958381e-01 9.86184960e-01
 9.84291581e-01 9.82278709e-01 9.80146843e-01 9.77896507e-01
 9.75528258e-01 9.73042679e-01 9.70440384e-01 9.67722015e-01
 9.64888243e-01 9.61939766e-01 9.58877313e-01 9.55701638e-01
 9.52413526e-01 9.49013788e-01 9.45503262e-01 9.41882815e-01
 9.38153340e-01 9.34315757e-01 9.30371014e-01 9.26320082e-01
 9.22163963e-01 9.17903681e-01 9.13540287e-01 9.09074859e-01
 9.04508497e-01 8.99842329e-01 8.95077506e-01 8.90215204e-01
 8.85256621e-01 8.80202983e-01 8.75055535e-01 8.69815547e-01
 8.64484314e-01 8.59063149e-01 8.53553391e-01 8.47956398e-01
 8.42273553e-01 8.36506257e-01 8.30655933e-01 8.24724024e-01
 8.18711995e-01 8.12621328e-01 8.06453527e-01 8.00210113e-01
 7.93892626e-01 7.87502626e-01 7.81041689e-01 7.74511409e-01
 7.67913397e-01 7.61249282e-01 7.54520708e-01 7.47729334e-01
 7.40876837e-01 7.33964907e-01 7.26995250e-01 7.19969585e-01
 7.12889646e-01 7.05757179e-01 6.98573945e-01 6.91341716e-01
 6.84062276e-01 6.76737422e-01 6.69368960e-01 6.61958709e-01
 6.54508497e-01 6.47020163e-01 6.39495553e-01 6.31936525e-01
 6.24344944e-01 6.16722682e-01 6.09071621e-01 6.01393648e-01
 5.93690657e-01 5.85964550e-01 5.78217233e-01 5.70450616e-01
 5.62666617e-01 5.54867156e-01 5.47054157e-01 5.39229548e-01
 5.31395260e-01 5.23553225e-01 5.15705380e-01 5.07853659e-01
 5.00000000e-01 4.92146341e-01 4.84294620e-01 4.76446775e-01
 4.68604740e-01 4.60770452e-01 4.52945843e-01 4.45132844e-01
 4.37333383e-01 4.29549384e-01 4.21782767e-01 4.14035450e-01
 4.06309343e-01 3.98606352e-01 3.90928379e-01 3.83277318e-01
 3.75655056e-01 3.68063475e-01 3.60504447e-01 3.52979837e-01
 3.45491503e-01 3.38041291e-01 3.30631040e-01 3.23262578e-01
 3.15937724e-01 3.08658284e-01 3.01426055e-01 2.94242821e-01
 2.87110354e-01 2.80030415e-01 2.73004750e-01 2.66035093e-01
 2.59123163e-01 2.52270666e-01 2.45479292e-01 2.38750718e-01
 2.32086603e-01 2.25488591e-01 2.18958311e-01 2.12497374e-01
 2.06107374e-01 1.99789887e-01 1.93546473e-01 1.87378672e-01
 1.81288005e-01 1.75275976e-01 1.69344067e-01 1.63493743e-01
 1.57726447e-01 1.52043602e-01 1.46446609e-01 1.40936851e-01
 1.35515686e-01 1.30184453e-01 1.24944465e-01 1.19797017e-01
 1.14743379e-01 1.09784796e-01 1.04922494e-01 1.00157671e-01
 9.54915028e-02 9.09251413e-02 8.64597129e-02 8.20963193e-02
 7.78360372e-02 7.36799178e-02 6.96289865e-02 6.56842428e-02
 6.18466600e-02 5.81171850e-02 5.44967379e-02 5.09862121e-02
 4.75864738e-02 4.42983617e-02 4.11226872e-02 3.80602337e-02
 3.51117571e-02 3.22779846e-02 2.95596155e-02 2.69573206e-02
 2.44717419e-02 2.21034926e-02 1.98531572e-02 1.77212908e-02
 1.57084194e-02 1.38150398e-02 1.20416190e-02 1.03885947e-02
 8.85637464e-03 7.44533692e-03 6.15582970e-03 4.98817114e-03
 3.94264934e-03 3.01952227e-03 2.21901770e-03 1.54133313e-03
 9.86635786e-04 5.55062519e-04 2.46719817e-04 6.16837592e-05]
