padded_inputs =  {'input_features': tensor([[[ 1.1933e-01, -9.4576e-02, -1.0978e-01,  ..., -8.0603e-01,
          -8.0603e-01, -8.0603e-01],
         [ 4.9347e-04, -8.9271e-02, -6.7290e-02,  ..., -8.0603e-01,
          -8.0603e-01, -8.0603e-01],
         [-1.5326e-01, -2.0804e-01, -2.2227e-01,  ..., -8.0603e-01,
          -8.0603e-01, -8.0603e-01],
         ...,
         [-8.0603e-01, -8.0603e-01, -7.9997e-01,  ..., -8.0603e-01,
          -8.0603e-01, -8.0603e-01],
         [-8.0603e-01, -7.7211e-01, -8.0603e-01,  ..., -8.0603e-01,
          -8.0603e-01, -8.0603e-01],
         [-8.0603e-01, -8.0603e-01, -8.0603e-01,  ..., -8.0603e-01,
          -8.0603e-01, -8.0603e-01]]])}
torch.Size([1, 80, 3000])
